unset key
set xrange [-2:2]
set yrange [-2:2]
set size ratio -1
set parametric
set trange [0:7]
set isosamples 24
0 0.0086071
0 0.999999
0.5 1.00004
1 1.00007
1.5 1.0001
2 1.00014
2.5 1.00017
3 1.0002
3.5 1.00023
4 1.00026
4.5 1.00028
5 1.00031
5.5 1.00033
6 1.00036
6.5 1.00038
7 1.0004
7.5 1.00042
8 1.00044
8.5 1.00046
9 1.00048
9.5 1.00049
10 1.00051
10.5 1.00052
11 1.00054
11.5 1.00055
12 1.00056
12.5 1.00057
13 1.00058
13.5 1.00058
14 1.00059
14.5 1.00059
15 1.0006
15.5 1.0006
16 1.0006
16.5 1.0006
17 1.0006
17.5 1.0006
18 1.00059
18.5 1.00059
19 1.00058
19.5 1.00058
20 1.00057
20.5 1.00056
21 1.00055
21.5 1.00054
22 1.00053
22.5 1.00052
23 1.0005
23.5 1.00049
24 1.00047
24.5 1.00045
25 1.00043
25.5 1.00041
26 1.00039
26.5 1.00037
27 1.00035
27.5 1.00032
28 1.0003
28.5 1.00027
29 1.00024
29.5 1.00021
30 1.00018
30.5 1.00015
31 1.00012
31.5 1.00009
32 1.00005
32.5 1.00002
33 0.999979
33.5 0.999942
34 0.999903
34.5 0.999863
35 0.999822
35.5 0.999781
36 0.999737
36.5 0.999693
37 0.999648
37.5 0.999602
38 0.999555
38.5 0.999506
39 0.999457
39.5 0.999407
40 0.999355
40.5 0.999303
41 0.999249
41.5 0.999195
42 0.999139
42.5 0.999082
43 0.999025
43.5 0.998966
44 0.998906
44.5 0.998846
45 0.998784
45.5 0.998721
46 0.998658
46.5 0.998593
47 0.998527
47.5 0.998461
48 0.998393
48.5 0.998325
49 0.998255
49.5 0.998184
50 0.998113
50.5 0.998041
51 0.997967
51.5 0.997893
52 0.997818
52.5 0.997742
53 0.997664
53.5 0.997586
54 0.997508
54.5 0.997428
55 0.997347
55.5 0.997265
56 0.997183
56.5 0.9971
57 0.997015
57.5 0.99693
58 0.996844
58.5 0.996757
59 0.99667
59.5 0.996581
60 0.996492
60.5 0.996401
61 0.99631
61.5 0.996219
62 0.996126
62.5 0.996032
63 0.995938
63.5 0.995843
64 0.995747
64.5 0.995651
65 0.995553
65.5 0.995455
66 0.995356
66.5 0.995257
67 0.995156
67.5 0.995055
68 0.994953
68.5 0.994851
69 0.994747
69.5 0.994643
70 0.994539
70.5 0.994433
71 0.994327
71.5 0.994221
72 0.994113
72.5 0.994005
73 0.993896
73.5 0.993787
74 0.993677
74.5 0.993567
75 0.993455
75.5 0.993344
76 0.993231
76.5 0.993118
77 0.993005
77.5 0.99289
78 0.992776
78.5 0.99266
79 0.992545
79.5 0.992428
80 0.992311
80.5 0.992194
81 0.992076
81.5 0.991958
82 0.991839
82.5 0.991719
83 0.9916
83.5 0.991479
84 0.991358
84.5 0.991237
85 0.991115
85.5 0.990993
86 0.990871
86.5 0.990748
87 0.990625
87.5 0.990501
88 0.990377
88.5 0.990252
89 0.990127
89.5 0.990002
90 0.989877
90.5 0.989751
91 0.989624
91.5 0.989498
92 0.989371
92.5 0.989244
93 0.989116
93.5 0.988989
94 0.988861
94.5 0.988733
95 0.988604
95.5 0.988475
96 0.988346
96.5 0.988217
97 0.988088
97.5 0.987958
98 0.987829
98.5 0.987699
99 0.987569
99.5 0.987438
100 0.987308
100.5 0.987177
101 0.987047
101.5 0.986916
102 0.986785
102.5 0.986654
103 0.986523
103.5 0.986392
104 0.98626
104.5 0.986129
105 0.985998
105.5 0.985866
106 0.985735
106.5 0.985604
107 0.985472
107.5 0.985341
108 0.985209
108.5 0.985078
109 0.984947
109.5 0.984816
110 0.984684
110.5 0.984553
111 0.984422
111.5 0.984291
112 0.98416
112.5 0.984029
113 0.983899
113.5 0.983768
114 0.983638
114.5 0.983508
115 0.983377
115.5 0.983248
116 0.983118
116.5 0.982988
117 0.982859
117.5 0.98273
118 0.982601
118.5 0.982472
119 0.982344
119.5 0.982216
120 0.982088
120.5 0.98196
121 0.981833
121.5 0.981706
122 0.981579
122.5 0.981453
123 0.981327
123.5 0.981201
124 0.981075
124.5 0.98095
125 0.980826
125.5 0.980701
126 0.980577
126.5 0.980454
127 0.980331
127.5 0.980208
128 0.980086
128.5 0.979964
129 0.979842
129.5 0.979721
130 0.979601
130.5 0.979481
131 0.979361
131.5 0.979242
132 0.979124
132.5 0.979006
133 0.978888
133.5 0.978771
134 0.978655
134.5 0.978539
135 0.978424
135.5 0.978309
136 0.978195
136.5 0.978081
137 0.977968
137.5 0.977856
138 0.977744
138.5 0.977633
139 0.977523
139.5 0.977413
140 0.977304
140.5 0.977195
141 0.977087
141.5 0.97698
142 0.976874
142.5 0.976768
143 0.976663
143.5 0.976558
144 0.976455
144.5 0.976352
145 0.97625
145.5 0.976148
146 0.976048
146.5 0.975948
147 0.975849
147.5 0.97575
148 0.975653
148.5 0.975556
149 0.97546
149.5 0.975365
150 0.975271
150.5 0.975178
151 0.975085
151.5 0.974993
152 0.974902
152.5 0.974812
153 0.974723
153.5 0.974635
154 0.974547
154.5 0.974461
155 0.974375
155.5 0.974291
156 0.974207
156.5 0.974124
157 0.974042
157.5 0.973961
158 0.973881
158.5 0.973802
159 0.973724
159.5 0.973647
160 0.97357
160.5 0.973495
161 0.973421
161.5 0.973348
162 0.973275
162.5 0.973204
163 0.973134
163.5 0.973065
164 0.972996
164.5 0.972929
165 0.972863
165.5 0.972798
166 0.972734
166.5 0.972671
167 0.972609
167.5 0.972548
168 0.972488
168.5 0.972429
169 0.972371
169.5 0.972315
170 0.972259
170.5 0.972205
171 0.972151
171.5 0.972099
172 0.972048
172.5 0.971997
173 0.971948
173.5 0.971901
174 0.971854
174.5 0.971808
175 0.971764
175.5 0.97172
176 0.971678
176.5 0.971637
177 0.971597
177.5 0.971558
178 0.97152
178.5 0.971484
179 0.971448
179.5 0.971414
180 0.971381
180.5 0.971349
181 0.971318
181.5 0.971289
182 0.97126
182.5 0.971233
183 0.971207
183.5 0.971182
184 0.971158
184.5 0.971136
185 0.971114
185.5 0.971094
186 0.971075
186.5 0.971057
187 0.971041
187.5 0.971025
188 0.971011
188.5 0.970998
189 0.970986
189.5 0.970976
190 0.970966
190.5 0.970958
191 0.970951
191.5 0.970945
192 0.97094
192.5 0.970937
193 0.970935
193.5 0.970933
194 0.970934
194.5 0.970935
195 0.970937
195.5 0.970941
196 0.970946
196.5 0.970952
197 0.97096
197.5 0.970968
198 0.970978
198.5 0.970989
199 0.971001
199.5 0.971014
200 0.971029
200.5 0.971044
201 0.971061
201.5 0.971079
202 0.971099
202.5 0.971119
203 0.971141
203.5 0.971163
204 0.971187
204.5 0.971213
205 0.971239
205.5 0.971267
206 0.971295
206.5 0.971325
207 0.971356
207.5 0.971388
208 0.971422
208.5 0.971456
209 0.971492
209.5 0.971529
210 0.971567
210.5 0.971606
211 0.971646
211.5 0.971687
212 0.97173
212.5 0.971773
213 0.971818
213.5 0.971864
214 0.971911
214.5 0.971959
215 0.972009
215.5 0.972059
216 0.97211
216.5 0.972163
217 0.972217
217.5 0.972271
218 0.972327
218.5 0.972384
219 0.972442
219.5 0.972501
220 0.972561
220.5 0.972623
221 0.972685
221.5 0.972748
222 0.972812
222.5 0.972878
223 0.972944
223.5 0.973012
224 0.97308
224.5 0.97315
225 0.97322
225.5 0.973292
226 0.973364
226.5 0.973438
227 0.973512
227.5 0.973587
228 0.973664
228.5 0.973741
229 0.97382
229.5 0.973899
230 0.973979
230.5 0.97406
231 0.974143
231.5 0.974226
232 0.97431
232.5 0.974394
233 0.97448
233.5 0.974567
234 0.974655
234.5 0.974743
235 0.974832
235.5 0.974923
236 0.975014
236.5 0.975106
237 0.975198
237.5 0.975292
238 0.975386
238.5 0.975482
239 0.975578
239.5 0.975675
240 0.975772
240.5 0.975871
241 0.97597
241.5 0.97607
242 0.976171
242.5 0.976273
243 0.976375
243.5 0.976478
244 0.976582
244.5 0.976686
245 0.976791
245.5 0.976897
246 0.977004
246.5 0.977111
247 0.977219
247.5 0.977328
248 0.977437
248.5 0.977547
249 0.977658
249.5 0.977769
250 0.977881
250.5 0.977993
251 0.978107
251.5 0.97822
252 0.978335
252.5 0.978449
253 0.978565
253.5 0.978681
254 0.978797
254.5 0.978914
255 0.979032
255.5 0.97915
256 0.979269
256.5 0.979388
257 0.979508
257.5 0.979628
258 0.979748
258.5 0.979869
259 0.979991
259.5 0.980113
260 0.980235
260.5 0.980358
261 0.980481
261.5 0.980605
262 0.980729
262.5 0.980853
263 0.980978
263.5 0.981103
264 0.981229
264.5 0.981355
265 0.981481
265.5 0.981607
266 0.981734
266.5 0.981861
267 0.981989
267.5 0.982116
268 0.982244
268.5 0.982373
269 0.982501
269.5 0.98263
270 0.982759
270.5 0.982888
271 0.983017
271.5 0.983147
272 0.983277
272.5 0.983407
273 0.983537
273.5 0.983667
274 0.983797
274.5 0.983928
275 0.984059
275.5 0.984189
276 0.98432
276.5 0.984451
277 0.984582
277.5 0.984714
278 0.984845
278.5 0.984976
279 0.985107
279.5 0.985239
280 0.98537
280.5 0.985502
281 0.985633
281.5 0.985764
282 0.985896
282.5 0.986027
283 0.986159
283.5 0.98629
284 0.986421
284.5 0.986552
285 0.986683
285.5 0.986814
286 0.986945
286.5 0.987076
287 0.987206
287.5 0.987337
288 0.987467
288.5 0.987598
289 0.987728
289.5 0.987858
290 0.987987
290.5 0.988117
291 0.988246
291.5 0.988375
292 0.988504
292.5 0.988633
293 0.988761
293.5 0.988889
294 0.989017
294.5 0.989145
295 0.989272
295.5 0.989399
296 0.989526
296.5 0.989653
297 0.989779
297.5 0.989905
298 0.99003
298.5 0.990155
299 0.99028
299.5 0.990404
300 0.990529
300.5 0.990652
301 0.990775
301.5 0.990898
302 0.991021
302.5 0.991143
303 0.991264
303.5 0.991385
304 0.991506
304.5 0.991626
305 0.991746
305.5 0.991865
306 0.991984
306.5 0.992103
307 0.99222
307.5 0.992338
308 0.992454
308.5 0.992571
309 0.992686
309.5 0.992801
310 0.992916
310.5 0.99303
311 0.993143
311.5 0.993256
312 0.993369
312.5 0.99348
313 0.993591
313.5 0.993702
314 0.993812
314.5 0.993921
315 0.994029
315.5 0.994137
316 0.994244
316.5 0.994351
317 0.994457
317.5 0.994562
318 0.994667
318.5 0.99477
319 0.994874
319.5 0.994976
320 0.995078
320.5 0.995179
321 0.995279
321.5 0.995378
322 0.995477
322.5 0.995575
323 0.995672
323.5 0.995769
324 0.995864
324.5 0.995959
325 0.996053
325.5 0.996147
326 0.996239
326.5 0.996331
327 0.996422
327.5 0.996512
328 0.996601
328.5 0.996689
329 0.996777
329.5 0.996863
330 0.996949
330.5 0.997034
331 0.997118
331.5 0.997201
332 0.997284
332.5 0.997365
333 0.997446
333.5 0.997525
334 0.997604
334.5 0.997682
335 0.997759
335.5 0.997835
336 0.99791
336.5 0.997984
337 0.998057
337.5 0.998129
338 0.9982
338.5 0.998271
339 0.99834
339.5 0.998408
340 0.998476
340.5 0.998542
341 0.998608
341.5 0.998672
342 0.998735
342.5 0.998798
343 0.998859
343.5 0.99892
344 0.998979
344.5 0.999038
345 0.999095
345.5 0.999152
346 0.999207
346.5 0.999261
347 0.999315
347.5 0.999367
348 0.999418
348.5 0.999468
349 0.999517
349.5 0.999565
350 0.999612
350.5 0.999658
351 0.999703
351.5 0.999747
352 0.99979
352.5 0.999832
353 0.999872
353.5 0.999912
354 0.99995
354.5 0.999988
355 1.00002
355.5 1.00006
356 1.00009
356.5 1.00013
357 1.00016
357.5 1.00019
358 1.00022
358.5 1.00025
359 1.00028
359.5 1.0003
360 1.00033
360.5 1.00035
361 1.00037
361.5 1.0004
362 1.00042
362.5 1.00044
363 1.00046
363.5 1.00047
364 1.00049
364.5 1.0005
365 1.00052
365.5 1.00053
366 1.00054
366.5 1.00055
367 1.00056
367.5 1.00057
368 1.00058
368.5 1.00059
369 1.00059
369.5 1.0006
370 1.0006
370.5 1.0006
371 1.0006
371.5 1.0006
372 1.0006
372.5 1.0006
373 1.00059
373.5 1.00059
374 1.00058
374.5 1.00057
375 1.00056
375.5 1.00056
376 1.00054
376.5 1.00053
377 1.00052
377.5 1.00051
378 1.00049
378.5 1.00047
379 1.00046
379.5 1.00044
380 1.00042
380.5 1.0004
381 1.00038
381.5 1.00035
382 1.00033
382.5 1.0003
383 1.00028
383.5 1.00025
384 1.00022
384.5 1.00019
385 1.00016
385.5 1.00013
386 1.0001
386.5 1.00006
387 1.00003
387.5 0.999991
388 0.999954
388.5 0.999916
389 0.999876
389.5 0.999836
390 0.999794
390.5 0.999751
391 0.999708
391.5 0.999663
392 0.999617
392.5 0.99957
393 0.999522
393.5 0.999473
394 0.999423
394.5 0.999372
395 0.99932
395.5 0.999266
396 0.999212
396.5 0.999157
397 0.999101
397.5 0.999043
398 0.998985
398.5 0.998926
399 0.998865
399.5 0.998804
400 0.998741
400.5 0.998678
401 0.998614
401.5 0.998548
402 0.998482
402.5 0.998415
403 0.998347
403.5 0.998277
404 0.998207
404.5 0.998136
405 0.998064
405.5 0.997991
406 0.997917
406.5 0.997842
407 0.997766
407.5 0.997689
408 0.997612
408.5 0.997533
409 0.997453
409.5 0.997373
410 0.997292
410.5 0.997209
411 0.997126
411.5 0.997042
412 0.996957
412.5 0.996872
413 0.996785
413.5 0.996698
414 0.99661
414.5 0.99652
415 0.99643
415.5 0.99634
416 0.996248
416.5 0.996156
417 0.996062
417.5 0.995968
418 0.995874
418.5 0.995778
419 0.995682
419.5 0.995585
420 0.995487
420.5 0.995388
421 0.995289
421.5 0.995188
422 0.995087
422.5 0.994986
423 0.994883
423.5 0.99478
424 0.994677
424.5 0.994572
425 0.994467
425.5 0.994361
426 0.994255
426.5 0.994148
427 0.99404
427.5 0.993931
428 0.993822
428.5 0.993712
429 0.993602
429.5 0.993491
430 0.993379
430.5 0.993267
431 0.993154
431.5 0.993041
432 0.992927
432.5 0.992812
433 0.992697
433.5 0.992582
434 0.992466
434.5 0.992349
435 0.992232
435.5 0.992114
436 0.991996
436.5 0.991877
437 0.991758
437.5 0.991638
438 0.991518
438.5 0.991397
439 0.991276
439.5 0.991154
440 0.991032
440.5 0.99091
441 0.990787
441.5 0.990664
442 0.99054
442.5 0.990416
443 0.990292
443.5 0.990167
444 0.990042
444.5 0.989917
445 0.989791
445.5 0.989665
446 0.989538
446.5 0.989412
447 0.989285
447.5 0.989157
448 0.98903
448.5 0.988902
449 0.988774
449.5 0.988645
450 0.988517
450.5 0.988388
451 0.988259
451.5 0.988129
452 0.988
452.5 0.98787
453 0.98774
453.5 0.98761
454 0.98748
454.5 0.98735
455 0.987219
455.5 0.987088
456 0.986958
456.5 0.986827
457 0.986696
457.5 0.986565
458 0.986434
458.5 0.986302
459 0.986171
459.5 0.98604
460 0.985909
460.5 0.985777
461 0.985646
461.5 0.985514
462 0.985383
462.5 0.985252
463 0.98512
463.5 0.984989
464 0.984857
464.5 0.984726
465 0.984595
465.5 0.984464
466 0.984333
466.5 0.984202
467 0.984071
467.5 0.983941
468 0.98381
468.5 0.98368
469 0.983549
469.5 0.983419
470 0.983289
470.5 0.983159
471 0.98303
471.5 0.9829
472 0.982771
472.5 0.982642
473 0.982513
473.5 0.982385
474 0.982257
474.5 0.982129
475 0.982001
475.5 0.981874
476 0.981746
476.5 0.98162
477 0.981493
477.5 0.981367
478 0.981241
478.5 0.981115
479 0.98099
479.5 0.980865
480 0.980741
480.5 0.980617
481 0.980493
481.5 0.98037
482 0.980247
482.5 0.980125
483 0.980003
483.5 0.979881
484 0.97976
484.5 0.979639
485 0.979519
485.5 0.979399
486 0.97928
486.5 0.979162
487 0.979043
487.5 0.978926
488 0.978809
488.5 0.978692
489 0.978576
489.5 0.97846
490 0.978346
490.5 0.978231
491 0.978117
491.5 0.978004
492 0.977892
492.5 0.97778
493 0.977668
493.5 0.977558
494 0.977448
494.5 0.977338
495 0.97723
495.5 0.977122
496 0.977014
496.5 0.976908
497 0.976802
497.5 0.976696
498 0.976592
498.5 0.976488
499 0.976385
499.5 0.976282
500 0.976181
500.5 0.97608
501 0.97598
501.5 0.97588
502 0.975782
502.5 0.975684
503 0.975587
503.5 0.975491
504 0.975396
504.5 0.975301
505 0.975207
505.5 0.975114
506 0.975022
506.5 0.974931
507 0.974841
507.5 0.974752
508 0.974663
508.5 0.974575
509 0.974489
509.5 0.974403
510 0.974318
510.5 0.974234
511 0.97415
511.5 0.974068
512 0.973987
512.5 0.973907
513 0.973827
513.5 0.973749
514 0.973671
514.5 0.973595
515 0.973519
515.5 0.973445
516 0.973371
516.5 0.973298
517 0.973227
517.5 0.973156
518 0.973087
518.5 0.973018
519 0.972951
519.5 0.972884
520 0.972819
520.5 0.972754
521 0.972691
521.5 0.972628
522 0.972567
522.5 0.972507
523 0.972448
523.5 0.97239
524 0.972333
524.5 0.972277
525 0.972222
525.5 0.972168
526 0.972115
526.5 0.972064
527 0.972013
527.5 0.971964
528 0.971916
528.5 0.971869
529 0.971823
529.5 0.971778
530 0.971734
530.5 0.971691
531 0.97165
531.5 0.971609
532 0.97157
532.5 0.971532
533 0.971495
533.5 0.97146
534 0.971425
534.5 0.971391
535 0.971359
535.5 0.971328
536 0.971298
536.5 0.971269
537 0.971242
537.5 0.971215
538 0.97119
538.5 0.971166
539 0.971143
539.5 0.971121
540 0.971101
540.5 0.971081
541 0.971063
541.5 0.971046
542 0.97103
542.5 0.971016
543 0.971002
543.5 0.97099
544 0.970979
544.5 0.970969
545 0.97096
545.5 0.970953
546 0.970947
546.5 0.970942
547 0.970938
547.5 0.970935
548 0.970934
548.5 0.970933
549 0.970934
549.5 0.970937
550 0.97094
550.5 0.970944
551 0.97095
551.5 0.970957
552 0.970965
552.5 0.970975
553 0.970985
553.5 0.970997
554 0.97101
554.5 0.971024
555 0.971039
555.5 0.971056
556 0.971073
556.5 0.971092
557 0.971112
557.5 0.971134
558 0.971156
558.5 0.97118
559 0.971204
559.5 0.97123
560 0.971258
560.5 0.971286
561 0.971315
561.5 0.971346
562 0.971378
562.5 0.971411
563 0.971445
563.5 0.97148
564 0.971517
564.5 0.971554
565 0.971593
565.5 0.971633
566 0.971674
566.5 0.971716
567 0.971759
567.5 0.971804
568 0.971849
568.5 0.971896
569 0.971944
569.5 0.971993
570 0.972043
570.5 0.972094
571 0.972146
571.5 0.972199
572 0.972254
572.5 0.972309
573 0.972366
573.5 0.972423
574 0.972482
574.5 0.972542
575 0.972603
575.5 0.972665
576 0.972728
576.5 0.972792
577 0.972857
577.5 0.972923
578 0.97299
578.5 0.973058
579 0.973127
579.5 0.973197
580 0.973269
580.5 0.973341
581 0.973414
581.5 0.973488
582 0.973563
582.5 0.973639
583 0.973716
583.5 0.973794
584 0.973873
584.5 0.973953
585 0.974034
585.5 0.974116
586 0.974199
586.5 0.974283
587 0.974367
587.5 0.974453
588 0.974539
588.5 0.974626
589 0.974715
589.5 0.974804
590 0.974894
590.5 0.974984
591 0.975076
591.5 0.975169
592 0.975262
592.5 0.975356
593 0.975451
593.5 0.975547
594 0.975644
594.5 0.975741
595 0.975839
595.5 0.975938
596 0.976038
596.5 0.976139
597 0.97624
597.5 0.976342
598 0.976445
598.5 0.976548
599 0.976653
599.5 0.976758
600 0.976863
600.5 0.97697
601 0.977077
601.5 0.977185
602 0.977293
602.5 0.977402
603 0.977512
603.5 0.977622
604 0.977733
604.5 0.977845
605 0.977957
605.5 0.97807
606 0.978184
606.5 0.978298
607 0.978413
607.5 0.978528
608 0.978644
608.5 0.97876
609 0.978877
609.5 0.978994
610 0.979112
610.5 0.979231
611 0.97935
611.5 0.979469
612 0.979589
612.5 0.97971
613 0.979831
613.5 0.979952
614 0.980074
614.5 0.980196
615 0.980319
615.5 0.980442
616 0.980565
616.5 0.980689
617 0.980814
617.5 0.980938
618 0.981063
618.5 0.981189
619 0.981314
619.5 0.98144
620 0.981567
620.5 0.981694
621 0.981821
621.5 0.981948
622 0.982075
622.5 0.982203
623 0.982332
623.5 0.98246
624 0.982589
624.5 0.982717
625 0.982847
625.5 0.982976
626 0.983105
626.5 0.983235
627 0.983365
627.5 0.983495
628 0.983625
628.5 0.983756
629 0.983886
629.5 0.984017
630 0.984148
630.5 0.984278
631 0.984409
631.5 0.98454
632 0.984672
632.5 0.984803
633 0.984934
633.5 0.985065
634 0.985197
634.5 0.985328
635 0.98546
635.5 0.985591
636 0.985722
636.5 0.985854
637 0.985985
637.5 0.986117
638 0.986248
638.5 0.986379
639 0.98651
639.5 0.986641
640 0.986772
640.5 0.986903
641 0.987034
641.5 0.987165
642 0.987295
642.5 0.987426
643 0.987556
643.5 0.987686
644 0.987816
644.5 0.987946
645 0.988075
645.5 0.988205
646 0.988334
646.5 0.988463
647 0.988592
647.5 0.98872
648 0.988848
648.5 0.988976
649 0.989104
649.5 0.989232
650 0.989359
650.5 0.989486
651 0.989612
651.5 0.989739
652 0.989864
652.5 0.98999
653 0.990115
653.5 0.99024
654 0.990365
654.5 0.990489
655 0.990613
655.5 0.990736
656 0.990859
656.5 0.990982
657 0.991104
657.5 0.991225
658 0.991347
658.5 0.991468
659 0.991588
659.5 0.991708
660 0.991827
660.5 0.991946
661 0.992065
661.5 0.992183
662 0.9923
662.5 0.992417
663 0.992533
663.5 0.992649
664 0.992765
664.5 0.992879
665 0.992994
665.5 0.993107
666 0.99322
666.5 0.993333
667 0.993445
667.5 0.993556
668 0.993666
668.5 0.993777
669 0.993886
669.5 0.993995
670 0.994103
670.5 0.99421
671 0.994317
671.5 0.994423
672 0.994529
672.5 0.994633
673 0.994737
673.5 0.994841
674 0.994943
674.5 0.995045
675 0.995146
675.5 0.995247
676 0.995347
676.5 0.995446
677 0.995544
677.5 0.995641
678 0.995738
678.5 0.995834
679 0.995929
679.5 0.996023
680 0.996117
680.5 0.99621
681 0.996302
681.5 0.996393
682 0.996483
682.5 0.996573
683 0.996661
683.5 0.996749
684 0.996836
684.5 0.996922
685 0.997007
685.5 0.997091
686 0.997175
686.5 0.997258
687 0.997339
687.5 0.99742
688 0.9975
688.5 0.997579
689 0.997657
689.5 0.997734
690 0.99781
690.5 0.997886
691 0.99796
691.5 0.998034
692 0.998106
692.5 0.998178
693 0.998248
693.5 0.998318
694 0.998387
694.5 0.998454
695 0.998521
695.5 0.998587
696 0.998651
696.5 0.998715
697 0.998778
697.5 0.99884
698 0.998901
698.5 0.99896
699 0.999019
699.5 0.999077
700 0.999134
700.5 0.999189
701 0.999244
701.5 0.999298
702 0.99935
702.5 0.999402
703 0.999452
703.5 0.999502
704 0.99955
704.5 0.999598
705 0.999644
705.5 0.999689
706 0.999733
706.5 0.999776
707 0.999818
707.5 0.999859
708 0.999899
708.5 0.999938
709 0.999976
709.5 1.00001
710 1.00005
710.5 1.00008
711 1.00012
711.5 1.00015
712 1.00018
712.5 1.00021
713 1.00024
713.5 1.00027
714 1.00029
714.5 1.00032
715 1.00034
715.5 1.00037
716 1.00039
716.5 1.00041
717 1.00043
717.5 1.00045
718 1.00047
718.5 1.00048
719 1.0005
719.5 1.00051
720 1.00053
720.5 1.00054
721 1.00055
721.5 1.00056
722 1.00057
722.5 1.00058
723 1.00058
723.5 1.00059
724 1.00059
724.5 1.0006
725 1.0006
725.5 1.0006
726 1.0006
726.5 1.0006
727 1.0006
727.5 1.00059
728 1.00059
728.5 1.00058
729 1.00058
729.5 1.00057
730 1.00056
730.5 1.00055
731 1.00054
731.5 1.00052
732 1.00051
732.5 1.0005
733 1.00048
733.5 1.00046
734 1.00044
734.5 1.00043
735 1.0004
735.5 1.00038
736 1.00036
736.5 1.00034
737 1.00031
737.5 1.00029
738 1.00026
738.5 1.00023
739 1.0002
739.5 1.00017
740 1.00014
740.5 1.00011
741 1.00007
741.5 1.00004
742 1
742.5 0.999966
743 0.999928
743.5 0.999889
744 0.999849
744.5 0.999807
745 0.999765
745.5 0.999722
746 0.999677
746.5 0.999632
747 0.999585
747.5 0.999537
748 0.999489
748.5 0.999439
749 0.999388
749.5 0.999336
750 0.999284
750.5 0.99923
751 0.999175
751.5 0.999119
752 0.999062
752.5 0.999004
753 0.998945
753.5 0.998885
754 0.998824
754.5 0.998762
755 0.998699
755.5 0.998634
756 0.998569
756.5 0.998503
757 0.998436
757.5 0.998368
758 0.9983
758.5 0.99823
759 0.998159
759.5 0.998087
760 0.998014
760.5 0.997941
761 0.997866
761.5 0.99779
762 0.997714
762.5 0.997636
763 0.997558
763.5 0.997479
764 0.997399
764.5 0.997318
765 0.997236
765.5 0.997153
766 0.997069
766.5 0.996985
767 0.996899
767.5 0.996813
768 0.996726
768.5 0.996638
769 0.996549
769.5 0.996459
770 0.996369
770.5 0.996277
771 0.996185
771.5 0.996092
772 0.995999
772.5 0.995904
773 0.995809
773.5 0.995713
774 0.995616
774.5 0.995518
775 0.99542
775.5 0.99532
776 0.99522
776.5 0.99512
777 0.995018
777.5 0.994916
778 0.994813
778.5 0.99471
779 0.994606
779.5 0.994501
780 0.994395
780.5 0.994289
781 0.994182
781.5 0.994074
782 0.993966
782.5 0.993857
783 0.993748
783.5 0.993637
784 0.993527
784.5 0.993415
785 0.993303
785.5 0.993191
786 0.993077
786.5 0.992964
787 0.992849
787.5 0.992734
788 0.992619
788.5 0.992503
789 0.992386
789.5 0.992269
790 0.992152
790.5 0.992034
791 0.991915
791.5 0.991796
792 0.991676
792.5 0.991556
793 0.991436
793.5 0.991315
794 0.991193
794.5 0.991072
795 0.990949
795.5 0.990827
796 0.990704
796.5 0.99058
797 0.990456
797.5 0.990332
798 0.990207
798.5 0.990082
799 0.989957
799.5 0.989831
800 0.989705
800.5 0.989579
801 0.989452
801.5 0.989325
802 0.989198
802.5 0.989071
803 0.988943
803.5 0.988815
804 0.988686
804.5 0.988558
805 0.988429
805.5 0.9883
806 0.988171
806.5 0.988041
807 0.987912
807.5 0.987782
808 0.987652
808.5 0.987522
809 0.987391
809.5 0.987261
810 0.98713
810.5 0.987
811 0.986869
811.5 0.986738
812 0.986607
812.5 0.986476
813 0.986344
813.5 0.986213
814 0.986082
814.5 0.985951
815 0.985819
815.5 0.985688
816 0.985556
816.5 0.985425
817 0.985294
817.5 0.985162
818 0.985031
818.5 0.984899
819 0.984768
819.5 0.984637
820 0.984506
820.5 0.984375
821 0.984244
821.5 0.984113
822 0.983982
822.5 0.983852
823 0.983721
823.5 0.983591
824 0.983461
824.5 0.983331
825 0.983201
825.5 0.983071
826 0.982942
826.5 0.982812
827 0.982683
827.5 0.982555
828 0.982426
828.5 0.982298
829 0.98217
829.5 0.982042
830 0.981914
830.5 0.981787
831 0.98166
831.5 0.981533
832 0.981407
832.5 0.981281
833 0.981156
833.5 0.98103
834 0.980905
834.5 0.980781
835 0.980657
835.5 0.980533
836 0.980409
836.5 0.980286
837 0.980164
837.5 0.980042
838 0.97992
838.5 0.979799
839 0.979678
839.5 0.979558
840 0.979438
840.5 0.979318
841 0.9792
841.5 0.979081
842 0.978963
842.5 0.978846
843 0.978729
843.5 0.978613
844 0.978497
844.5 0.978382
845 0.978268
845.5 0.978154
846 0.97804
846.5 0.977928
847 0.977816
847.5 0.977704
848 0.977593
848.5 0.977483
849 0.977373
849.5 0.977264
850 0.977156
850.5 0.977049
851 0.976942
851.5 0.976835
852 0.97673
852.5 0.976625
853 0.976521
853.5 0.976418
854 0.976315
854.5 0.976213
855 0.976112
855.5 0.976012
856 0.975912
856.5 0.975813
857 0.975715
857.5 0.975618
858 0.975522
858.5 0.975426
859 0.975331
859.5 0.975237
860 0.975144
860.5 0.975052
861 0.97496
861.5 0.97487
862 0.97478
862.5 0.974691
863 0.974603
863.5 0.974516
864 0.97443
864.5 0.974345
865 0.97426
865.5 0.974177
866 0.974094
866.5 0.974013
867 0.973932
867.5 0.973853
868 0.973774
868.5 0.973696
869 0.973619
869.5 0.973543
870 0.973468
870.5 0.973395
871 0.973322
871.5 0.97325
872 0.973179
872.5 0.973109
873 0.97304
873.5 0.972972
874 0.972905
874.5 0.972839
875 0.972775
875.5 0.972711
876 0.972648
876.5 0.972587
877 0.972526
877.5 0.972467
878 0.972408
878.5 0.972351
879 0.972294
879.5 0.972239
880 0.972185
880.5 0.972132
881 0.97208
881.5 0.972029
882 0.97198
882.5 0.971931
883 0.971884
883.5 0.971837
884 0.971792
884.5 0.971748
885 0.971705
885.5 0.971663
886 0.971622
886.5 0.971583
887 0.971544
887.5 0.971507
888 0.971471
888.5 0.971436
889 0.971402
889.5 0.971369
890 0.971338
890.5 0.971307
891 0.971278
891.5 0.97125
892 0.971223
892.5 0.971198
893 0.971173
893.5 0.97115
894 0.971128
894.5 0.971107
895 0.971087
895.5 0.971069
896 0.971051
896.5 0.971035
897 0.97102
897.5 0.971006
898 0.970994
898.5 0.970982
899 0.970972
899.5 0.970963
900 0.970955
900.5 0.970949
901 0.970943
901.5 0.970939
902 0.970936
902.5 0.970934
903 0.970933
903.5 0.970934
904 0.970936
904.5 0.970939
905 0.970943
905.5 0.970948
906 0.970955
906.5 0.970963
907 0.970972
907.5 0.970982
908 0.970993
908.5 0.971006
909 0.971019
909.5 0.971034
910 0.97105
910.5 0.971068
911 0.971086
911.5 0.971106
912 0.971127
912.5 0.971149
913 0.971172
913.5 0.971196
914 0.971222
914.5 0.971249
915 0.971277
915.5 0.971306
916 0.971336
916.5 0.971368
917 0.9714
917.5 0.971434
918 0.971469
918.5 0.971505
919 0.971542
919.5 0.971581
920 0.97162
920.5 0.971661
921 0.971702
921.5 0.971745
922 0.971789
922.5 0.971835
923 0.971881
923.5 0.971928
924 0.971977
924.5 0.972027
925 0.972077
925.5 0.972129
926 0.972182
926.5 0.972236
927 0.972291
927.5 0.972348
928 0.972405
928.5 0.972463
929 0.972523
929.5 0.972583
930 0.972645
930.5 0.972707
931 0.972771
931.5 0.972836
932 0.972902
932.5 0.972968
933 0.973036
933.5 0.973105
934 0.973175
934.5 0.973246
935 0.973318
935.5 0.97339
936 0.973464
936.5 0.973539
937 0.973615
937.5 0.973692
938 0.973769
938.5 0.973848
939 0.973928
939.5 0.974008
940 0.97409
940.5 0.974172
941 0.974256
941.5 0.97434
942 0.974425
942.5 0.974511
943 0.974598
943.5 0.974686
944 0.974775
944.5 0.974865
945 0.974955
945.5 0.975047
946 0.975139
946.5 0.975232
947 0.975326
947.5 0.975421
948 0.975516
948.5 0.975613
949 0.97571
949.5 0.975808
950 0.975907
950.5 0.976006
951 0.976106
951.5 0.976207
952 0.976309
952.5 0.976412
953 0.976515
953.5 0.976619
954 0.976724
954.5 0.976829
955 0.976936
955.5 0.977042
956 0.97715
956.5 0.977258
957 0.977367
957.5 0.977477
958 0.977587
958.5 0.977698
959 0.977809
959.5 0.977921
960 0.978034
960.5 0.978147
961 0.978261
961.5 0.978376
962 0.978491
962.5 0.978607
963 0.978723
963.5 0.978839
964 0.978957
964.5 0.979075
965 0.979193
965.5 0.979312
966 0.979431
966.5 0.979551
967 0.979671
967.5 0.979792
968 0.979913
968.5 0.980035
969 0.980157
969.5 0.980279
970 0.980402
970.5 0.980526
971 0.98065
971.5 0.980774
972 0.980898
972.5 0.981023
973 0.981148
973.5 0.981274
974 0.9814
974.5 0.981526
975 0.981653
975.5 0.98178
976 0.981907
976.5 0.982035
977 0.982162
977.5 0.98229
978 0.982419
978.5 0.982547
979 0.982676
979.5 0.982805
980 0.982934
980.5 0.983064
981 0.983194
981.5 0.983323
982 0.983453
982.5 0.983584
983 0.983714
983.5 0.983844
984 0.983975
984.5 0.984106
985 0.984237
985.5 0.984368
986 0.984499
986.5 0.98463
987 0.984761
987.5 0.984892
988 0.985023
988.5 0.985155
989 0.985286
989.5 0.985418
990 0.985549
990.5 0.98568
991 0.985812
991.5 0.985943
992 0.986075
992.5 0.986206
993 0.986337
993.5 0.986468
994 0.986599
994.5 0.98673
995 0.986861
995.5 0.986992
996 0.987123
996.5 0.987254
997 0.987384
997.5 0.987514
998 0.987644
998.5 0.987775
999 0.987904
999.5 0.988034
1000 0.988163
1000.5 0.988293
1001 0.988422
1001.5 0.988551
1002 0.988679
1002.5 0.988807
1003 0.988936
1003.5 0.989063
1004 0.989191
1004.5 0.989318
1005 0.989445
1005.5 0.989572
1006 0.989698
1006.5 0.989824
1007 0.98995
1007.5 0.990075
1008 0.9902
1008.5 0.990325
1009 0.990449
1009.5 0.990573
1010 0.990697
1010.5 0.99082
1011 0.990942
1011.5 0.991065
1012 0.991187
1012.5 0.991308
1013 0.991429
1013.5 0.991549
1014 0.99167
1014.5 0.991789
1015 0.991908
1015.5 0.992027
1016 0.992145
1016.5 0.992263
1017 0.99238
1017.5 0.992496
1018 0.992612
1018.5 0.992728
1019 0.992843
1019.5 0.992957
1020 0.993071
1020.5 0.993184
1021 0.993297
1021.5 0.993409
1022 0.99352
1022.5 0.993631
1023 0.993741
1023.5 0.993851
1024 0.99396
1024.5 0.994068
1025 0.994176
1025.5 0.994283
1026 0.994389
1026.5 0.994495
1027 0.9946
1027.5 0.994704
1028 0.994808
1028.5 0.994911
1029 0.995013
1029.5 0.995114
1030 0.995215
1030.5 0.995315
1031 0.995414
1031.5 0.995513
1032 0.99561
1032.5 0.995707
1033 0.995803
1033.5 0.995899
1034 0.995993
1034.5 0.996087
1035 0.99618
1035.5 0.996272
1036 0.996364
1036.5 0.996454
1037 0.996544
1037.5 0.996633
1038 0.996721
1038.5 0.996808
1039 0.996894
1039.5 0.99698
1040 0.997065
1040.5 0.997148
1041 0.997231
1041.5 0.997313
1042 0.997394
1042.5 0.997474
1043 0.997554
1043.5 0.997632
1044 0.99771
1044.5 0.997786
1045 0.997862
1045.5 0.997936
1046 0.99801
1046.5 0.998083
1047 0.998155
1047.5 0.998226
1048 0.998296
1048.5 0.998365
1049 0.998433
1049.5 0.9985
1050 0.998566
1050.5 0.998631
1051 0.998695
1051.5 0.998758
1052 0.99882
1052.5 0.998881
1053 0.998941
1053.5 0.999
1054 0.999058
1054.5 0.999116
1055 0.999172
1055.5 0.999227
1056 0.999281
1056.5 0.999333
1057 0.999385
1057.5 0.999436
1058 0.999486
1058.5 0.999535
1059 0.999583
1059.5 0.999629
1060 0.999675
1060.5 0.999719
1061 0.999763
1061.5 0.999805
1062 0.999846
1062.5 0.999887
1063 0.999926
1063.5 0.999964
1064 1
1064.5 1.00004
1065 1.00007
1065.5 1.00011
1066 1.00014
1066.5 1.00017
1067 1.0002
1067.5 1.00023
1068 1.00026
1068.5 1.00028
1069 1.00031
1069.5 1.00034
1070 1.00036
1070.5 1.00038
1071 1.0004
1071.5 1.00042
1072 1.00044
1072.5 1.00046
1073 1.00048
1073.5 1.00049
1074 1.00051
1074.5 1.00052
1075 1.00054
1075.5 1.00055
1076 1.00056
1076.5 1.00057
1077 1.00058
1077.5 1.00058
1078 1.00059
1078.5 1.00059
1079 1.0006
1079.5 1.0006
1080 1.0006
1080.5 1.0006
1081 1.0006
1081.5 1.0006
1082 1.00059
1082.5 1.00059
1083 1.00058
1083.5 1.00058
1084 1.00057
1084.5 1.00056
1085 1.00055
1085.5 1.00054
1086 1.00053
1086.5 1.00052
1087 1.0005
1087.5 1.00049
1088 1.00047
1088.5 1.00045
1089 1.00043
1089.5 1.00041
1090 1.00039
1090.5 1.00037
1091 1.00034
1091.5 1.00032
1092 1.00029
1092.5 1.00027
1093 1.00024
1093.5 1.00021
1094 1.00018
1094.5 1.00015
1095 1.00012
1095.5 1.00008
1096 1.00005
1096.5 1.00001
1097 0.999978
1097.5 0.99994
1098 0.999902
1098.5 0.999862
1099 0.999821
1099.5 0.999779
1100 0.999736
1100.5 0.999692
1101 0.999646
1101.5 0.9996
1102 0.999553
1102.5 0.999504
1103 0.999455
1103.5 0.999405
1104 0.999353
1104.5 0.999301
1105 0.999247
1105.5 0.999192
1106 0.999137
1106.5 0.99908
1107 0.999022
1107.5 0.998964
1108 0.998904
1108.5 0.998843
1109 0.998782
1109.5 0.998719
1110 0.998655
1110.5 0.99859
1111 0.998525
1111.5 0.998458
1112 0.99839
1112.5 0.998322
1113 0.998252
1113.5 0.998182
1114 0.99811
1114.5 0.998038
1115 0.997964
1115.5 0.99789
1116 0.997815
1116.5 0.997738
1117 0.997661
1117.5 0.997583
1118 0.997504
1118.5 0.997425
1119 0.997344
1119.5 0.997262
1120 0.99718
1120.5 0.997096
1121 0.997012
1121.5 0.996927
1122 0.996841
1122.5 0.996754
1123 0.996666
1123.5 0.996578
1124 0.996488
1124.5 0.996398
1125 0.996307
1125.5 0.996215
1126 0.996122
1126.5 0.996029
1127 0.995934
1127.5 0.995839
1128 0.995743
1128.5 0.995647
1129 0.995549
1129.5 0.995451
1130 0.995352
1130.5 0.995253
1131 0.995152
1131.5 0.995051
1132 0.994949
1132.5 0.994846
1133 0.994743
1133.5 0.994639
1134 0.994534
1134.5 0.994429
1135 0.994323
1135.5 0.994216
1136 0.994109
1136.5 0.994001
1137 0.993892
1137.5 0.993783
1138 0.993673
1138.5 0.993562
1139 0.993451
1139.5 0.993339
1140 0.993227
1140.5 0.993114
1141 0.993
1141.5 0.992886
1142 0.992771
1142.5 0.992656
1143 0.99254
1143.5 0.992424
1144 0.992307
1144.5 0.992189
1145 0.992071
1145.5 0.991953
1146 0.991834
1146.5 0.991715
1147 0.991595
1147.5 0.991474
1148 0.991354
1148.5 0.991232
1149 0.991111
1149.5 0.990988
1150 0.990866
1150.5 0.990743
1151 0.99062
1151.5 0.990496
1152 0.990372
1152.5 0.990247
1153 0.990122
1153.5 0.989997
1154 0.989872
1154.5 0.989746
1155 0.989619
1155.5 0.989493
1156 0.989366
1156.5 0.989239
1157 0.989111
1157.5 0.988984
1158 0.988856
1158.5 0.988727
1159 0.988599
1159.5 0.98847
1160 0.988341
1160.5 0.988212
1161 0.988083
1161.5 0.987953
1162 0.987823
1162.5 0.987693
1163 0.987563
1163.5 0.987433
1164 0.987303
1164.5 0.987172
1165 0.987041
1165.5 0.986911
1166 0.98678
1166.5 0.986649
1167 0.986518
1167.5 0.986386
1168 0.986255
1168.5 0.986124
1169 0.985993
1169.5 0.985861
1170 0.98573
1170.5 0.985598
1171 0.985467
1171.5 0.985336
1172 0.985204
1172.5 0.985073
1173 0.984941
1173.5 0.98481
1174 0.984679
1174.5 0.984548
1175 0.984417
1175.5 0.984286
1176 0.984155
1176.5 0.984024
1177 0.983893
1177.5 0.983763
1178 0.983633
1178.5 0.983502
1179 0.983372
1179.5 0.983242
1180 0.983113
1180.5 0.982983
1181 0.982854
1181.5 0.982725
1182 0.982596
1182.5 0.982467
1183 0.982339
1183.5 0.982211
1184 0.982083
1184.5 0.981955
1185 0.981828
1185.5 0.981701
1186 0.981574
1186.5 0.981448
1187 0.981321
1187.5 0.981196
1188 0.98107
1188.5 0.980945
1189 0.980821
1189.5 0.980696
1190 0.980572
1190.5 0.980449
1191 0.980326
1191.5 0.980203
1192 0.980081
1192.5 0.979959
1193 0.979837
1193.5 0.979716
1194 0.979596
1194.5 0.979476
1195 0.979356
1195.5 0.979237
1196 0.979119
1196.5 0.979001
1197 0.978883
1197.5 0.978767
1198 0.97865
1198.5 0.978534
1199 0.978419
1199.5 0.978304
1200 0.97819
1200.5 0.978077
1201 0.977964
1201.5 0.977851
1202 0.97774
1202.5 0.977629
1203 0.977518
1203.5 0.977408
1204 0.977299
1204.5 0.977191
1205 0.977083
1205.5 0.976976
1206 0.976869
1206.5 0.976764
1207 0.976659
1207.5 0.976554
1208 0.976451
1208.5 0.976348
1209 0.976246
1209.5 0.976144
1210 0.976044
1210.5 0.975944
1211 0.975845
1211.5 0.975747
1212 0.975649
1212.5 0.975552
1213 0.975456
1213.5 0.975361
1214 0.975267
1214.5 0.975174
1215 0.975081
1215.5 0.97499
1216 0.974899
1216.5 0.974809
1217 0.97472
1217.5 0.974631
1218 0.974544
1218.5 0.974458
1219 0.974372
1219.5 0.974287
1220 0.974204
1220.5 0.974121
1221 0.974039
1221.5 0.973958
1222 0.973878
1222.5 0.973799
1223 0.973721
1223.5 0.973644
1224 0.973567
1224.5 0.973492
1225 0.973418
1225.5 0.973345
1226 0.973273
1226.5 0.973201
1227 0.973131
1227.5 0.973062
1228 0.972994
1228.5 0.972927
1229 0.97286
1229.5 0.972795
1230 0.972731
1230.5 0.972668
1231 0.972606
1231.5 0.972545
1232 0.972486
1232.5 0.972427
1233 0.972369
1233.5 0.972312
1234 0.972257
1234.5 0.972202
1235 0.972149
1235.5 0.972097
1236 0.972046
1236.5 0.971995
1237 0.971947
1237.5 0.971899
1238 0.971852
1238.5 0.971806
1239 0.971762
1239.5 0.971718
1240 0.971676
1240.5 0.971635
1241 0.971595
1241.5 0.971556
1242 0.971519
1242.5 0.971482
1243 0.971447
1243.5 0.971413
1244 0.97138
1244.5 0.971348
1245 0.971317
1245.5 0.971288
1246 0.971259
1246.5 0.971232
1247 0.971206
1247.5 0.971181
1248 0.971157
1248.5 0.971135
1249 0.971114
1249.5 0.971093
1250 0.971074
1250.5 0.971057
1251 0.97104
1251.5 0.971025
1252 0.971011
1252.5 0.970998
1253 0.970986
1253.5 0.970975
1254 0.970966
1254.5 0.970958
1255 0.970951
1255.5 0.970945
1256 0.97094
1256.5 0.970937
1257 0.970934
1257.5 0.970933
1258 0.970934
1258.5 0.970935
1259 0.970938
1259.5 0.970941
1260 0.970946
1260.5 0.970953
1261 0.97096
1261.5 0.970969
1262 0.970978
1262.5 0.970989
1263 0.971001
1263.5 0.971015
1264 0.971029
1264.5 0.971045
1265 0.971062
1265.5 0.97108
1266 0.971099
1266.5 0.97112
1267 0.971142
1267.5 0.971164
1268 0.971188
1268.5 0.971214
1269 0.97124
1269.5 0.971268
1270 0.971296
1270.5 0.971326
1271 0.971357
1271.5 0.97139
1272 0.971423
1272.5 0.971458
1273 0.971493
1273.5 0.97153
1274 0.971568
1274.5 0.971607
1275 0.971648
1275.5 0.971689
1276 0.971732
1276.5 0.971775
1277 0.97182
1277.5 0.971866
1278 0.971913
1278.5 0.971961
1279 0.972011
1279.5 0.972061
1280 0.972113
1280.5 0.972165
1281 0.972219
1281.5 0.972274
1282 0.972329
1282.5 0.972386
1283 0.972444
1283.5 0.972504
1284 0.972564
1284.5 0.972625
1285 0.972687
1285.5 0.972751
1286 0.972815
1286.5 0.97288
1287 0.972947
1287.5 0.973014
1288 0.973083
1288.5 0.973152
1289 0.973223
1289.5 0.973294
1290 0.973367
1290.5 0.973441
1291 0.973515
1291.5 0.973591
1292 0.973667
1292.5 0.973744
1293 0.973823
1293.5 0.973902
1294 0.973982
1294.5 0.974064
1295 0.974146
1295.5 0.974229
1296 0.974313
1296.5 0.974398
1297 0.974484
1297.5 0.97457
1298 0.974658
1298.5 0.974747
1299 0.974836
1299.5 0.974926
1300 0.975017
1300.5 0.975109
1301 0.975202
1301.5 0.975296
1302 0.97539
1302.5 0.975486
1303 0.975582
1303.5 0.975679
1304 0.975776
1304.5 0.975875
1305 0.975974
1305.5 0.976074
1306 0.976175
1306.5 0.976277
1307 0.976379
1307.5 0.976482
1308 0.976586
1308.5 0.97669
1309 0.976796
1309.5 0.976902
1310 0.977008
1310.5 0.977116
1311 0.977224
1311.5 0.977332
1312 0.977442
1312.5 0.977552
1313 0.977662
1313.5 0.977774
1314 0.977885
1314.5 0.977998
1315 0.978111
1315.5 0.978225
1316 0.978339
1316.5 0.978454
1317 0.978569
1317.5 0.978685
1318 0.978802
1318.5 0.978919
1319 0.979037
1319.5 0.979155
1320 0.979274
1320.5 0.979393
1321 0.979512
1321.5 0.979633
1322 0.979753
1322.5 0.979874
1323 0.979996
1323.5 0.980118
1324 0.98024
1324.5 0.980363
1325 0.980486
1325.5 0.98061
1326 0.980734
1326.5 0.980858
1327 0.980983
1327.5 0.981108
1328 0.981234
1328.5 0.98136
1329 0.981486
1329.5 0.981612
1330 0.981739
1330.5 0.981866
1331 0.981994
1331.5 0.982122
1332 0.98225
1332.5 0.982378
1333 0.982506
1333.5 0.982635
1334 0.982764
1334.5 0.982893
1335 0.983022
1335.5 0.983152
1336 0.983282
1336.5 0.983412
1337 0.983542
1337.5 0.983672
1338 0.983803
1338.5 0.983933
1339 0.984064
1339.5 0.984195
1340 0.984326
1340.5 0.984457
1341 0.984588
1341.5 0.984719
1342 0.98485
1342.5 0.984981
1343 0.985113
1343.5 0.985244
1344 0.985376
1344.5 0.985507
1345 0.985638
1345.5 0.98577
1346 0.985901
1346.5 0.986032
1347 0.986164
1347.5 0.986295
1348 0.986426
1348.5 0.986557
1349 0.986689
1349.5 0.986819
1350 0.98695
1350.5 0.987081
1351 0.987212
1351.5 0.987342
1352 0.987473
1352.5 0.987603
1353 0.987733
1353.5 0.987863
1354 0.987993
1354.5 0.988122
1355 0.988251
1355.5 0.98838
1356 0.988509
1356.5 0.988638
1357 0.988766
1357.5 0.988895
1358 0.989023
1358.5 0.98915
1359 0.989277
1359.5 0.989405
1360 0.989531
1360.5 0.989658
1361 0.989784
1361.5 0.98991
1362 0.990035
1362.5 0.99016
1363 0.990285
1363.5 0.990409
1364 0.990534
1364.5 0.990657
1365 0.99078
1365.5 0.990903
1366 0.991026
1366.5 0.991148
1367 0.991269
1367.5 0.99139
1368 0.991511
1368.5 0.991631
1369 0.991751
1369.5 0.99187
1370 0.991989
1370.5 0.992107
1371 0.992225
1371.5 0.992342
1372 0.992459
1372.5 0.992575
1373 0.992691
1373.5 0.992806
1374 0.992921
1374.5 0.993035
1375 0.993148
1375.5 0.993261
1376 0.993373
1376.5 0.993485
1377 0.993596
1377.5 0.993706
1378 0.993816
1378.5 0.993925
1379 0.994034
1379.5 0.994142
1380 0.994249
1380.5 0.994355
1381 0.994461
1381.5 0.994566
1382 0.994671
1382.5 0.994775
1383 0.994878
1383.5 0.99498
1384 0.995082
1384.5 0.995183
1385 0.995283
1385.5 0.995382
1386 0.995481
1386.5 0.995579
1387 0.995676
1387.5 0.995773
1388 0.995868
1388.5 0.995963
1389 0.996057
1389.5 0.99615
1390 0.996243
1390.5 0.996335
1391 0.996425
1391.5 0.996515
1392 0.996605
1392.5 0.996693
1393 0.99678
1393.5 0.996867
1394 0.996953
1394.5 0.997038
1395 0.997122
1395.5 0.997205
1396 0.997287
1396.5 0.997368
1397 0.997449
1397.5 0.997528
1398 0.997607
1398.5 0.997685
1399 0.997762
1399.5 0.997838
1400 0.997913
1400.5 0.997987
1401 0.99806
1401.5 0.998132
1402 0.998203
1402.5 0.998273
1403 0.998343
1403.5 0.998411
1404 0.998478
1404.5 0.998545
1405 0.99861
1405.5 0.998675
1406 0.998738
1406.5 0.9988
1407 0.998862
1407.5 0.998922
1408 0.998982
1408.5 0.99904
1409 0.999097
1409.5 0.999154
1410 0.999209
1410.5 0.999263
1411 0.999317
1411.5 0.999369
1412 0.99942
1412.5 0.99947
1413 0.999519
1413.5 0.999567
1414 0.999614
1414.5 0.99966
1415 0.999705
1415.5 0.999749
1416 0.999792
1416.5 0.999833
1417 0.999874
1417.5 0.999913
1418 0.999952
1418.5 0.999989
1419 1.00003
1419.5 1.00006
1420 1.00009
1420.5 1.00013
1421 1.00016
1421.5 1.00019
1422 1.00022
1422.5 1.00025
1423 1.00028
1423.5 1.0003
1424 1.00033
1424.5 1.00035
1425 1.00038
1425.5 1.0004
1426 1.00042
1426.5 1.00044
1427 1.00046
1427.5 1.00047
1428 1.00049
1428.5 1.00051
1429 1.00052
1429.5 1.00053
1430 1.00054
1430.5 1.00055
1431 1.00056
1431.5 1.00057
1432 1.00058
1432.5 1.00059
1433 1.00059
1433.5 1.0006
1434 1.0006
1434.5 1.0006
1435 1.0006
1435.5 1.0006
1436 1.0006
1436.5 1.0006
1437 1.00059
1437.5 1.00059
1438 1.00058
1438.5 1.00057
1439 1.00056
1439.5 1.00055
1440 1.00054
1440.5 1.00053
1441 1.00052
1441.5 1.00051
1442 1.00049
1442.5 1.00047
1443 1.00046
1443.5 1.00044
1444 1.00042
1444.5 1.0004
1445 1.00038
1445.5 1.00035
1446 1.00033
1446.5 1.0003
1447 1.00028
1447.5 1.00025
1448 1.00022
1448.5 1.00019
1449 1.00016
1449.5 1.00013
1450 1.0001
1450.5 1.00006
1451 1.00003
1451.5 0.99999
1452 0.999952
1452.5 0.999914
1453 0.999875
1453.5 0.999834
1454 0.999792
1454.5 0.99975
1455 0.999706
1455.5 0.999661
1456 0.999615
1456.5 0.999568
1457 0.99952
1457.5 0.999471
1458 0.999421
1458.5 0.99937
1459 0.999317
1459.5 0.999264
1460 0.99921
1460.5 0.999155
1461 0.999098
1461.5 0.999041
1462 0.998983
1462.5 0.998923
1463 0.998863
1463.5 0.998801
1464 0.998739
1464.5 0.998676
1465 0.998611
1465.5 0.998546
1466 0.998479
1466.5 0.998412
1467 0.998344
1467.5 0.998275
1468 0.998204
1468.5 0.998133
1469 0.998061
1469.5 0.997988
1470 0.997914
1470.5 0.997839
1471 0.997763
1471.5 0.997686
1472 0.997608
1472.5 0.99753
1473 0.99745
1473.5 0.99737
1474 0.997288
1474.5 0.997206
1475 0.997123
1475.5 0.997039
1476 0.996954
1476.5 0.996868
1477 0.996782
1477.5 0.996694
1478 0.996606
1478.5 0.996517
1479 0.996427
1479.5 0.996336
1480 0.996244
1480.5 0.996152
1481 0.996059
1481.5 0.995965
1482 0.99587
1482.5 0.995774
1483 0.995678
1483.5 0.995581
1484 0.995483
1484.5 0.995384
1485 0.995284
1485.5 0.995184
1486 0.995083
1486.5 0.994982
1487 0.994879
1487.5 0.994776
1488 0.994672
1488.5 0.994568
1489 0.994463
1489.5 0.994357
1490 0.99425
1490.5 0.994143
1491 0.994035
1491.5 0.993927
1492 0.993818
1492.5 0.993708
1493 0.993598
1493.5 0.993486
1494 0.993375
1494.5 0.993263
1495 0.99315
1495.5 0.993036
1496 0.992922
1496.5 0.992808
1497 0.992693
1497.5 0.992577
1498 0.992461
1498.5 0.992344
1499 0.992227
1499.5 0.992109
1500 0.991991
1500.5 0.991872
1501 0.991753
1501.5 0.991633
1502 0.991513
1502.5 0.991392
1503 0.991271
1503.5 0.99115
1504 0.991028
1504.5 0.990905
1505 0.990782
1505.5 0.990659
1506 0.990535
1506.5 0.990411
1507 0.990287
1507.5 0.990162
1508 0.990037
1508.5 0.989912
1509 0.989786
1509.5 0.98966
1510 0.989533
1510.5 0.989407
1511 0.98928
1511.5 0.989152
1512 0.989025
1512.5 0.988897
1513 0.988768
1513.5 0.98864
1514 0.988511
1514.5 0.988383
1515 0.988253
1515.5 0.988124
1516 0.987995
1516.5 0.987865
1517 0.987735
1517.5 0.987605
1518 0.987475
1518.5 0.987344
1519 0.987214
1519.5 0.987083
1520 0.986952
1520.5 0.986822
1521 0.986691
1521.5 0.98656
1522 0.986428
1522.5 0.986297
1523 0.986166
1523.5 0.986035
1524 0.985903
1524.5 0.985772
1525 0.98564
1525.5 0.985509
1526 0.985378
1526.5 0.985246
1527 0.985115
1527.5 0.984984
1528 0.984852
1528.5 0.984721
1529 0.98459
1529.5 0.984459
1530 0.984328
1530.5 0.984197
1531 0.984066
1531.5 0.983935
1532 0.983805
1532.5 0.983674
1533 0.983544
1533.5 0.983414
1534 0.983284
1534.5 0.983154
1535 0.983025
1535.5 0.982895
1536 0.982766
1536.5 0.982637
1537 0.982508
1537.5 0.98238
1538 0.982252
1538.5 0.982124
1539 0.981996
1539.5 0.981868
1540 0.981741
1540.5 0.981614
1541 0.981488
1541.5 0.981362
1542 0.981236
1542.5 0.98111
1543 0.980985
1543.5 0.98086
1544 0.980736
1544.5 0.980612
1545 0.980488
1545.5 0.980365
1546 0.980242
1546.5 0.98012
1547 0.979998
1547.5 0.979876
1548 0.979755
1548.5 0.979634
1549 0.979514
1549.5 0.979395
1550 0.979275
1550.5 0.979157
1551 0.979039
1551.5 0.978921
1552 0.978804
1552.5 0.978687
1553 0.978571
1553.5 0.978456
1554 0.978341
1554.5 0.978227
1555 0.978113
1555.5 0.978
1556 0.977887
1556.5 0.977775
1557 0.977664
1557.5 0.977553
1558 0.977443
1558.5 0.977334
1559 0.977225
1559.5 0.977117
1560 0.97701
1560.5 0.976903
1561 0.976797
1561.5 0.976692
1562 0.976587
1562.5 0.976484
1563 0.976381
1563.5 0.976278
1564 0.976177
1564.5 0.976076
1565 0.975976
1565.5 0.975876
1566 0.975778
1566.5 0.97568
1567 0.975583
1567.5 0.975487
1568 0.975392
1568.5 0.975297
1569 0.975204
1569.5 0.975111
1570 0.975019
1570.5 0.974928
1571 0.974837
1571.5 0.974748
1572 0.974659
1572.5 0.974572
1573 0.974485
1573.5 0.974399
1574 0.974314
1574.5 0.97423
1575 0.974147
1575.5 0.974065
1576 0.973984
1576.5 0.973903
1577 0.973824
1577.5 0.973746
1578 0.973668
1578.5 0.973592
1579 0.973516
1579.5 0.973442
1580 0.973368
1580.5 0.973296
1581 0.973224
1581.5 0.973153
1582 0.973084
1582.5 0.973015
1583 0.972948
1583.5 0.972881
1584 0.972816
1584.5 0.972752
1585 0.972688
1585.5 0.972626
1586 0.972565
1586.5 0.972505
1587 0.972445
1587.5 0.972387
1588 0.97233
1588.5 0.972274
1589 0.97222
1589.5 0.972166
1590 0.972113
1590.5 0.972062
1591 0.972011
1591.5 0.971962
1592 0.971914
1592.5 0.971867
1593 0.971821
1593.5 0.971776
1594 0.971732
1594.5 0.97169
1595 0.971648
1595.5 0.971608
1596 0.971569
1596.5 0.971531
1597 0.971494
1597.5 0.971458
1598 0.971424
1598.5 0.97139
1599 0.971358
1599.5 0.971327
1600 0.971297
1600.5 0.971268
1601 0.971241
1601.5 0.971214
1602 0.971189
1602.5 0.971165
1603 0.971142
1603.5 0.97112
1604 0.9711
1604.5 0.97108
1605 0.971062
1605.5 0.971045
1606 0.97103
1606.5 0.971015
1607 0.971002
1607.5 0.970989
1608 0.970978
1608.5 0.970969
1609 0.97096
1609.5 0.970953
1610 0.970946
1610.5 0.970941
1611 0.970938
1611.5 0.970935
1612 0.970934
1612.5 0.970933
1613 0.970934
1613.5 0.970937
1614 0.97094
1614.5 0.970945
1615 0.97095
1615.5 0.970957
1616 0.970966
1616.5 0.970975
1617 0.970986
1617.5 0.970997
1618 0.97101
1618.5 0.971025
1619 0.97104
1619.5 0.971056
1620 0.971074
1620.5 0.971093
1621 0.971113
1621.5 0.971135
1622 0.971157
1622.5 0.971181
1623 0.971205
1623.5 0.971232
1624 0.971259
1624.5 0.971287
1625 0.971317
1625.5 0.971347
1626 0.971379
1626.5 0.971412
1627 0.971446
1627.5 0.971482
1628 0.971518
1628.5 0.971556
1629 0.971595
1629.5 0.971635
1630 0.971676
1630.5 0.971718
1631 0.971761
1631.5 0.971806
1632 0.971851
1632.5 0.971898
1633 0.971946
1633.5 0.971995
1634 0.972045
1634.5 0.972096
1635 0.972148
1635.5 0.972202
1636 0.972256
1636.5 0.972311
1637 0.972368
1637.5 0.972426
1638 0.972485
1638.5 0.972544
1639 0.972605
1639.5 0.972667
1640 0.97273
1640.5 0.972794
1641 0.972859
1641.5 0.972925
1642 0.972993
1642.5 0.973061
1643 0.97313
1643.5 0.9732
1644 0.973271
1644.5 0.973344
1645 0.973417
1645.5 0.973491
1646 0.973566
1646.5 0.973642
1647 0.97372
1647.5 0.973798
1648 0.973877
1648.5 0.973957
1649 0.974038
1649.5 0.974119
1650 0.974202
1650.5 0.974286
1651 0.974371
1651.5 0.974456
1652 0.974543
1652.5 0.97463
1653 0.974718
1653.5 0.974807
1654 0.974897
1654.5 0.974988
1655 0.97508
1655.5 0.975172
1656 0.975266
1656.5 0.97536
1657 0.975455
1657.5 0.975551
1658 0.975647
1658.5 0.975745
1659 0.975843
1659.5 0.975942
1660 0.976042
1660.5 0.976143
1661 0.976244
1661.5 0.976346
1662 0.976449
1662.5 0.976553
1663 0.976657
1663.5 0.976762
1664 0.976868
1664.5 0.976974
1665 0.977081
1665.5 0.977189
1666 0.977297
1666.5 0.977407
1667 0.977516
1667.5 0.977627
1668 0.977738
1668.5 0.97785
1669 0.977962
1669.5 0.978075
1670 0.978188
1670.5 0.978302
1671 0.978417
1671.5 0.978532
1672 0.978648
1672.5 0.978765
1673 0.978882
1673.5 0.978999
1674 0.979117
1674.5 0.979236
1675 0.979355
1675.5 0.979474
1676 0.979594
1676.5 0.979715
1677 0.979836
1677.5 0.979957
1678 0.980079
1678.5 0.980201
1679 0.980324
1679.5 0.980447
1680 0.98057
1680.5 0.980694
1681 0.980819
1681.5 0.980943
1682 0.981068
1682.5 0.981194
1683 0.981319
1683.5 0.981446
1684 0.981572
1684.5 0.981699
1685 0.981826
1685.5 0.981953
1686 0.982081
1686.5 0.982209
1687 0.982337
1687.5 0.982465
1688 0.982594
1688.5 0.982723
1689 0.982852
1689.5 0.982981
1690 0.983111
1690.5 0.98324
1691 0.98337
1691.5 0.9835
1692 0.98363
1692.5 0.983761
1693 0.983891
1693.5 0.984022
1694 0.984153
1694.5 0.984284
1695 0.984415
1695.5 0.984546
1696 0.984677
1696.5 0.984808
1697 0.984939
1697.5 0.985071
1698 0.985202
1698.5 0.985333
1699 0.985465
1699.5 0.985596
1700 0.985728
1700.5 0.985859
1701 0.98599
1701.5 0.986122
1702 0.986253
1702.5 0.986384
1703 0.986515
1703.5 0.986647
1704 0.986778
1704.5 0.986908
1705 0.987039
1705.5 0.98717
1706 0.987301
1706.5 0.987431
1707 0.987561
1707.5 0.987691
1708 0.987821
1708.5 0.987951
1709 0.988081
1709.5 0.98821
1710 0.988339
1710.5 0.988468
1711 0.988597
1711.5 0.988725
1712 0.988854
1712.5 0.988982
1713 0.989109
1713.5 0.989237
1714 0.989364
1714.5 0.989491
1715 0.989617
1715.5 0.989744
1716 0.98987
1716.5 0.989995
1717 0.99012
1717.5 0.990245
1718 0.99037
1718.5 0.990494
1719 0.990618
1719.5 0.990741
1720 0.990864
1720.5 0.990987
1721 0.991109
1721.5 0.99123
1722 0.991352
1722.5 0.991472
1723 0.991593
1723.5 0.991713
1724 0.991832
1724.5 0.991951
1725 0.992069
1725.5 0.992187
1726 0.992305
1726.5 0.992422
1727 0.992538
1727.5 0.992654
1728 0.992769
1728.5 0.992884
1729 0.992998
1729.5 0.993112
1730 0.993225
1730.5 0.993337
1731 0.993449
1731.5 0.99356
1732 0.993671
1732.5 0.993781
1733 0.99389
1733.5 0.993999
1734 0.994107
1734.5 0.994215
1735 0.994321
1735.5 0.994427
1736 0.994533
1736.5 0.994637
1737 0.994742
1737.5 0.994845
1738 0.994947
1738.5 0.995049
1739 0.995151
1739.5 0.995251
1740 0.995351
1740.5 0.99545
1741 0.995548
1741.5 0.995645
1742 0.995742
1742.5 0.995838
1743 0.995933
1743.5 0.996027
1744 0.996121
1744.5 0.996213
1745 0.996305
1745.5 0.996396
1746 0.996487
1746.5 0.996576
1747 0.996665
1747.5 0.996752
1748 0.996839
1748.5 0.996925
1749 0.997011
1749.5 0.997095
1750 0.997178
1750.5 0.997261
1751 0.997342
1751.5 0.997423
1752 0.997503
1752.5 0.997582
1753 0.99766
1753.5 0.997737
1754 0.997813
1754.5 0.997889
1755 0.997963
1755.5 0.998037
1756 0.998109
1756.5 0.99818
1757 0.998251
1757.5 0.998321
1758 0.998389
1758.5 0.998457
1759 0.998524
1759.5 0.998589
1760 0.998654
1760.5 0.998718
1761 0.998781
1761.5 0.998842
1762 0.998903
1762.5 0.998963
1763 0.999021
1763.5 0.999079
1764 0.999136
1764.5 0.999191
1765 0.999246
1765.5 0.9993
1766 0.999352
1766.5 0.999404
1767 0.999454
1767.5 0.999504
1768 0.999552
1768.5 0.999599
1769 0.999646
1769.5 0.999691
1770 0.999735
1770.5 0.999778
1771 0.99982
1771.5 0.999861
1772 0.999901
1772.5 0.99994
1773 0.999977
1773.5 1.00001
1774 1.00005
1774.5 1.00008
1775 1.00012
1775.5 1.00015
1776 1.00018
1776.5 1.00021
1777 1.00024
1777.5 1.00027
1778 1.00029
1778.5 1.00032
1779 1.00034
1779.5 1.00037
1780 1.00039
1780.5 1.00041
1781 1.00043
1781.5 1.00045
1782 1.00047
1782.5 1.00048
1783 1.0005
1783.5 1.00051
1784 1.00053
1784.5 1.00054
1785 1.00055
1785.5 1.00056
1786 1.00057
1786.5 1.00058
1787 1.00058
1787.5 1.00059
1788 1.00059
1788.5 1.0006
1789 1.0006
1789.5 1.0006
1790 1.0006
1790.5 1.0006
1791 1.0006
1791.5 1.00059
1792 1.00059
1792.5 1.00058
1793 1.00058
1793.5 1.00057
1794 1.00056
1794.5 1.00055
1795 1.00054
1795.5 1.00052
1796 1.00051
1796.5 1.0005
1797 1.00048
1797.5 1.00046
1798 1.00044
1798.5 1.00042
1799 1.0004
1799.5 1.00038
1800 1.00036
1800.5 1.00034
1801 1.00031
1801.5 1.00029
1802 1.00026
1802.5 1.00023
1803 1.0002
1803.5 1.00017
1804 1.00014
1804.5 1.00011
1805 1.00007
1805.5 1.00004
1806 1
1806.5 0.999965
1807 0.999926
1807.5 0.999887
1808 0.999847
1808.5 0.999806
1809 0.999763
1809.5 0.99972
1810 0.999675
1810.5 0.99963
1811 0.999583
1811.5 0.999536
1812 0.999487
1812.5 0.999437
1813 0.999386
1813.5 0.999334
1814 0.999281
1814.5 0.999227
1815 0.999172
1815.5 0.999116
1816 0.999059
1816.5 0.999001
1817 0.998942
1817.5 0.998882
1818 0.998821
1818.5 0.998759
1819 0.998696
1819.5 0.998632
1820 0.998567
1820.5 0.998501
1821 0.998434
1821.5 0.998366
1822 0.998297
1822.5 0.998227
1823 0.998156
1823.5 0.998084
1824 0.998011
1824.5 0.997938
1825 0.997863
1825.5 0.997787
1826 0.997711
1826.5 0.997633
1827 0.997555
1827.5 0.997476
1828 0.997396
1828.5 0.997314
1829 0.997232
1829.5 0.99715
1830 0.997066
1830.5 0.996981
1831 0.996896
1831.5 0.99681
1832 0.996722
1832.5 0.996634
1833 0.996545
1833.5 0.996456
1834 0.996365
1834.5 0.996274
1835 0.996182
1835.5 0.996089
1836 0.995995
1836.5 0.9959
1837 0.995805
1837.5 0.995709
1838 0.995612
1838.5 0.995514
1839 0.995416
1839.5 0.995316
1840 0.995216
1840.5 0.995116
1841 0.995014
1841.5 0.994912
1842 0.994809
1842.5 0.994706
1843 0.994601
1843.5 0.994497
1844 0.994391
1844.5 0.994285
1845 0.994178
1845.5 0.99407
1846 0.993962
1846.5 0.993853
1847 0.993743
1847.5 0.993633
1848 0.993522
1848.5 0.993411
1849 0.993299
1849.5 0.993186
1850 0.993073
1850.5 0.992959
1851 0.992845
1851.5 0.99273
1852 0.992614
1852.5 0.992498
1853 0.992382
1853.5 0.992264
1854 0.992147
1854.5 0.992029
1855 0.99191
1855.5 0.991791
1856 0.991671
1856.5 0.991551
1857 0.991431
1857.5 0.99131
1858 0.991188
1858.5 0.991067
1859 0.990944
1859.5 0.990822
1860 0.990699
1860.5 0.990575
1861 0.990451
1861.5 0.990327
1862 0.990202
1862.5 0.990077
1863 0.989952
1863.5 0.989826
1864 0.9897
1864.5 0.989574
1865 0.989447
1865.5 0.98932
1866 0.989193
1866.5 0.989065
1867 0.988938
1867.5 0.988809
1868 0.988681
1868.5 0.988553
1869 0.988424
1869.5 0.988295
1870 0.988165
1870.5 0.988036
1871 0.987906
1871.5 0.987777
1872 0.987647
1872.5 0.987516
1873 0.987386
1873.5 0.987256
1874 0.987125
1874.5 0.986994
1875 0.986863
1875.5 0.986732
1876 0.986601
1876.5 0.98647
1877 0.986339
1877.5 0.986208
1878 0.986077
1878.5 0.985945
1879 0.985814
1879.5 0.985682
1880 0.985551
1880.5 0.98542
1881 0.985288
1881.5 0.985157
1882 0.985026
1882.5 0.984894
1883 0.984763
1883.5 0.984632
1884 0.984501
1884.5 0.98437
1885 0.984239
1885.5 0.984108
1886 0.983977
1886.5 0.983846
1887 0.983716
1887.5 0.983586
1888 0.983455
1888.5 0.983325
1889 0.983196
1889.5 0.983066
1890 0.982936
1890.5 0.982807
1891 0.982678
1891.5 0.982549
1892 0.982421
1892.5 0.982293
1893 0.982164
1893.5 0.982037
1894 0.981909
1894.5 0.981782
1895 0.981655
1895.5 0.981528
1896 0.981402
1896.5 0.981276
1897 0.98115
1897.5 0.981025
1898 0.9809
1898.5 0.980776
1899 0.980652
1899.5 0.980528
1900 0.980404
1900.5 0.980281
1901 0.980159
1901.5 0.980037
1902 0.979915
1902.5 0.979794
1903 0.979673
1903.5 0.979553
1904 0.979433
1904.5 0.979314
1905 0.979195
1905.5 0.979076
1906 0.978959
1906.5 0.978841
1907 0.978725
1907.5 0.978608
1908 0.978493
1908.5 0.978378
1909 0.978263
1909.5 0.978149
1910 0.978036
1910.5 0.977923
1911 0.977811
1911.5 0.9777
1912 0.977589
1912.5 0.977478
1913 0.977369
1913.5 0.97726
1914 0.977152
1914.5 0.977044
1915 0.976937
1915.5 0.976831
1916 0.976726
1916.5 0.976621
1917 0.976517
1917.5 0.976413
1918 0.976311
1918.5 0.976209
1919 0.976108
1919.5 0.976008
1920 0.975908
1920.5 0.975809
1921 0.975711
1921.5 0.975614
1922 0.975518
1922.5 0.975422
1923 0.975327
1923.5 0.975233
1924 0.97514
1924.5 0.975048
1925 0.974957
1925.5 0.974866
1926 0.974776
1926.5 0.974688
1927 0.9746
1927.5 0.974513
1928 0.974427
1928.5 0.974341
1929 0.974257
1929.5 0.974174
1930 0.974091
1930.5 0.97401
1931 0.973929
1931.5 0.973849
1932 0.973771
1932.5 0.973693
1933 0.973616
1933.5 0.97354
1934 0.973465
1934.5 0.973392
1935 0.973319
1935.5 0.973247
1936 0.973176
1936.5 0.973106
1937 0.973037
1937.5 0.972969
1938 0.972903
1938.5 0.972837
1939 0.972772
1939.5 0.972708
1940 0.972646
1940.5 0.972584
1941 0.972524
1941.5 0.972464
1942 0.972406
1942.5 0.972348
1943 0.972292
1943.5 0.972237
1944 0.972183
1944.5 0.97213
1945 0.972078
1945.5 0.972027
1946 0.971978
1946.5 0.971929
1947 0.971882
1947.5 0.971835
1948 0.97179
1948.5 0.971746
1949 0.971703
1949.5 0.971661
1950 0.971621
1950.5 0.971581
1951 0.971543
1951.5 0.971505
1952 0.971469
1952.5 0.971434
1953 0.971401
1953.5 0.971368
1954 0.971337
1954.5 0.971306
1955 0.971277
1955.5 0.971249
1956 0.971222
1956.5 0.971197
1957 0.971172
1957.5 0.971149
1958 0.971127
1958.5 0.971106
1959 0.971086
1959.5 0.971068
1960 0.971051
1960.5 0.971034
1961 0.97102
1961.5 0.971006
1962 0.970993
1962.5 0.970982
1963 0.970972
1963.5 0.970963
1964 0.970955
1964.5 0.970948
1965 0.970943
1965.5 0.970939
1966 0.970936
1966.5 0.970934
1967 0.970933
1967.5 0.970934
1968 0.970936
1968.5 0.970939
1969 0.970943
1969.5 0.970948
1970 0.970955
1970.5 0.970963
1971 0.970972
1971.5 0.970982
1972 0.970993
1972.5 0.971006
1973 0.97102
1973.5 0.971035
1974 0.971051
1974.5 0.971068
1975 0.971087
1975.5 0.971107
1976 0.971128
1976.5 0.97115
1977 0.971173
1977.5 0.971197
1978 0.971223
1978.5 0.97125
1979 0.971278
1979.5 0.971307
1980 0.971337
1980.5 0.971369
1981 0.971401
1981.5 0.971435
1982 0.97147
1982.5 0.971506
1983 0.971544
1983.5 0.971582
1984 0.971622
1984.5 0.971662
1985 0.971704
1985.5 0.971747
1986 0.971791
1986.5 0.971837
1987 0.971883
1987.5 0.97193
1988 0.971979
1988.5 0.972029
1989 0.972079
1989.5 0.972131
1990 0.972184
1990.5 0.972238
1991 0.972294
1991.5 0.97235
1992 0.972407
1992.5 0.972466
1993 0.972525
1993.5 0.972586
1994 0.972647
1994.5 0.97271
1995 0.972774
1995.5 0.972838
1996 0.972904
1996.5 0.972971
1997 0.973039
1997.5 0.973108
1998 0.973178
1998.5 0.973249
1999 0.97332
1999.5 0.973393
2000 0.973467
2000.5 0.973542
2001 0.973618
2001.5 0.973695
2002 0.973773
2002.5 0.973851
2003 0.973931
2003.5 0.974012
2004 0.974093
2004.5 0.974176
2005 0.974259
2005.5 0.974343
2006 0.974429
2006.5 0.974515
2007 0.974602
2007.5 0.97469
2008 0.974779
2008.5 0.974868
2009 0.974959
2009.5 0.97505
2010 0.975143
2010.5 0.975236
2011 0.97533
2011.5 0.975424
2012 0.97552
2012.5 0.975616
2013 0.975714
2013.5 0.975812
2014 0.975911
2014.5 0.97601
2015 0.97611
2015.5 0.976212
2016 0.976313
2016.5 0.976416
2017 0.976519
2017.5 0.976623
2018 0.976728
2018.5 0.976834
2019 0.97694
2019.5 0.977047
2020 0.977154
2020.5 0.977263
2021 0.977372
2021.5 0.977481
2022 0.977591
2022.5 0.977702
2023 0.977814
2023.5 0.977926
2024 0.978039
2024.5 0.978152
2025 0.978266
2025.5 0.97838
2026 0.978496
2026.5 0.978611
2027 0.978727
2027.5 0.978844
2028 0.978961
2028.5 0.979079
2029 0.979198
2029.5 0.979316
2030 0.979436
2030.5 0.979556
2031 0.979676
2031.5 0.979797
2032 0.979918
2032.5 0.98004
2033 0.980162
2033.5 0.980284
2034 0.980407
2034.5 0.980531
2035 0.980655
2035.5 0.980779
2036 0.980903
2036.5 0.981028
2037 0.981154
2037.5 0.981279
2038 0.981405
2038.5 0.981531
2039 0.981658
2039.5 0.981785
2040 0.981912
2040.5 0.98204
2041 0.982168
2041.5 0.982296
2042 0.982424
2042.5 0.982553
2043 0.982681
2043.5 0.98281
2044 0.98294
2044.5 0.983069
2045 0.983199
2045.5 0.983329
2046 0.983459
2046.5 0.983589
2047 0.983719
2047.5 0.98385
2048 0.98398
2048.5 0.984111
2049 0.984242
2049.5 0.984373
2050 0.984504
2050.5 0.984635
2051 0.984766
2051.5 0.984897
2052 0.985029
2052.5 0.98516
2053 0.985291
2053.5 0.985423
2054 0.985554
2054.5 0.985686
2055 0.985817
2055.5 0.985948
2056 0.98608
2056.5 0.986211
2057 0.986342
2057.5 0.986474
2058 0.986605
2058.5 0.986736
2059 0.986867
2059.5 0.986997
2060 0.987128
2060.5 0.987259
2061 0.987389
2061.5 0.98752
2062 0.98765
2062.5 0.98778
2063 0.98791
2063.5 0.988039
2064 0.988169
2064.5 0.988298
2065 0.988427
2065.5 0.988556
2066 0.988684
2066.5 0.988813
2067 0.988941
2067.5 0.989069
2068 0.989196
2068.5 0.989323
2069 0.98945
2069.5 0.989577
2070 0.989703
2070.5 0.989829
2071 0.989955
2071.5 0.99008
2072 0.990205
2072.5 0.99033
2073 0.990454
2073.5 0.990578
2074 0.990702
2074.5 0.990825
2075 0.990947
2075.5 0.99107
2076 0.991191
2076.5 0.991313
2077 0.991434
2077.5 0.991554
2078 0.991674
2078.5 0.991794
2079 0.991913
2079.5 0.992032
2080 0.99215
2080.5 0.992267
2081 0.992384
2081.5 0.992501
2082 0.992617
2082.5 0.992732
2083 0.992847
2083.5 0.992962
2084 0.993076
2084.5 0.993189
2085 0.993301
2085.5 0.993413
2086 0.993525
2086.5 0.993636
2087 0.993746
2087.5 0.993855
2088 0.993964
2088.5 0.994073
2089 0.99418
2089.5 0.994287
2090 0.994393
2090.5 0.994499
2091 0.994604
2091.5 0.994708
2092 0.994812
2092.5 0.994915
2093 0.995017
2093.5 0.995118
2094 0.995219
2094.5 0.995319
2095 0.995418
2095.5 0.995516
2096 0.995614
2096.5 0.995711
2097 0.995807
2097.5 0.995903
2098 0.995997
2098.5 0.996091
2099 0.996184
2099.5 0.996276
2100 0.996367
2100.5 0.996458
2101 0.996548
2101.5 0.996636
2102 0.996724
2102.5 0.996812
2103 0.996898
2103.5 0.996983
2104 0.997068
2104.5 0.997152
2105 0.997235
2105.5 0.997316
2106 0.997398
2106.5 0.997478
2107 0.997557
2107.5 0.997635
2108 0.997713
2108.5 0.997789
2109 0.997865
2109.5 0.997939
2110 0.998013
2110.5 0.998086
2111 0.998158
2111.5 0.998229
2112 0.998298
2112.5 0.998367
2113 0.998435
2113.5 0.998502
2114 0.998568
2114.5 0.998633
2115 0.998698
2115.5 0.998761
2116 0.998823
2116.5 0.998884
2117 0.998944
2117.5 0.999003
2118 0.999061
2118.5 0.999118
2119 0.999174
2119.5 0.999229
2120 0.999283
2120.5 0.999336
2121 0.999387
2121.5 0.999438
2122 0.999488
2122.5 0.999537
2123 0.999584
2123.5 0.999631
2124 0.999677
2124.5 0.999721
2125 0.999764
2125.5 0.999807
2126 0.999848
2126.5 0.999888
2127 0.999927
2127.5 0.999965
2128 1
2128.5 1.00004
2129 1.00007
2129.5 1.00011
2130 1.00014
2130.5 1.00017
2131 1.0002
2131.5 1.00023
2132 1.00026
2132.5 1.00029
2133 1.00031
2133.5 1.00034
2134 1.00036
2134.5 1.00038
2135 1.0004
2135.5 1.00043
2136 1.00044
2136.5 1.00046
2137 1.00048
2137.5 1.0005
2138 1.00051
2138.5 1.00052
2139 1.00054
2139.5 1.00055
2140 1.00056
2140.5 1.00057
2141 1.00058
2141.5 1.00058
2142 1.00059
2142.5 1.00059
2143 1.0006
2143.5 1.0006
2144 1.0006
2144.5 1.0006
2145 1.0006
2145.5 1.0006
2146 1.00059
2146.5 1.00059
2147 1.00058
2147.5 1.00058
2148 1.00057
2148.5 1.00056
2149 1.00055
2149.5 1.00054
2150 1.00053
2150.5 1.00051
2151 1.0005
2151.5 1.00048
2152 1.00047
2152.5 1.00045
2153 1.00043
2153.5 1.00041
2154 1.00039
2154.5 1.00037
2155 1.00034
2155.5 1.00032
2156 1.00029
2156.5 1.00027
2157 1.00024
2157.5 1.00021
2158 1.00018
2158.5 1.00015
2159 1.00012
2159.5 1.00008
2160 1.00005
2160.5 1.00001
2161 0.999976
2161.5 0.999939
2162 0.9999
2162.5 0.99986
2163 0.999819
2163.5 0.999777
2164 0.999734
2164.5 0.99969
2165 0.999645
2165.5 0.999598
2166 0.999551
2166.5 0.999503
2167 0.999453
2167.5 0.999403
2168 0.999351
2168.5 0.999298
2169 0.999245
2169.5 0.99919
2170 0.999134
2170.5 0.999078
2171 0.99902
2171.5 0.998961
2172 0.998902
2172.5 0.998841
2173 0.998779
2173.5 0.998716
2174 0.998652
2174.5 0.998588
2175 0.998522
2175.5 0.998455
2176 0.998388
2176.5 0.998319
2177 0.998249
2177.5 0.998179
2178 0.998107
2178.5 0.998035
2179 0.997961
2179.5 0.997887
2180 0.997812
2180.5 0.997735
2181 0.997658
2181.5 0.99758
2182 0.997501
2182.5 0.997421
2183 0.99734
2183.5 0.997259
2184 0.997176
2184.5 0.997093
2185 0.997008
2185.5 0.996923
2186 0.996837
2186.5 0.99675
2187 0.996663
2187.5 0.996574
2188 0.996484
2188.5 0.996394
0 0
