6.931471806e+00
6.353849155e+00
5.865091528e+00
5.446156419e+00
5.083079324e+00
4.765386866e+00
4.485069992e+00
4.235899437e+00
4.012957361e+00
3.812309493e+00
3.630770946e+00
3.465735903e+00
3.315051733e+00
3.176924578e+00
3.049847594e+00
2.932545764e+00
2.823932958e+00
2.723078209e+00
2.629178961e+00
2.541539662e+00
2.459554512e+00
2.382693433e+00
2.310490602e+00
2.242534996e+00
2.178462567e+00
2.117949718e+00
2.060707834e+00
2.006478681e+00
1.955030509e+00
1.906154747e+00
1.859663167e+00
1.815385473e+00
1.773167206e+00
1.732867951e+00
1.694359775e+00
1.657525867e+00
1.622259359e+00
1.588462289e+00
1.556044691e+00
1.524923797e+00
1.495023331e+00
1.466272882e+00
1.438607356e+00
1.411966479e+00
1.386294361e+00
1.361539105e+00
1.337652454e+00
1.314589480e+00
1.292308303e+00
1.270769831e+00
1.249937539e+00
1.229777256e+00
1.210256982e+00
1.191346717e+00
1.173018306e+00
1.155245301e+00
1.138002834e+00
1.121267498e+00
1.105017244e+00
1.089231284e+00
1.073889998e+00
1.058974859e+00
1.044468354e+00
1.030353917e+00
1.016615865e+00
1.003239340e+00
9.902102579e-01
9.775152546e-01
9.651416438e-01
9.530773733e-01
9.413109859e-01
9.298315837e-01
9.186287935e-01
9.076927364e-01
8.970139984e-01
8.865836030e-01
8.763929869e-01
8.664339757e-01
8.566987625e-01
8.471798874e-01
8.378702183e-01
8.287629333e-01
8.198515039e-01
8.111296794e-01
8.025914722e-01
7.942311444e-01
7.860431944e-01
7.780223455e-01
7.701635340e-01
7.624618986e-01
7.549127709e-01
7.475116653e-01
7.402542705e-01
7.331364410e-01
7.261541892e-01
7.193036779e-01
7.125812137e-01
7.059832395e-01
6.995063290e-01
6.931471806e-01
